Reporte LSTM — BTC-USD
==================================================

MODELO DE PRECIOS
y_true: [118368.        117635.8828125 117924.4765625 117922.1484375
 117831.1875    115758.203125  113320.0859375 115071.8828125
 114141.4453125 115028.        117496.8984375 116688.7265625
 118731.4453125 120172.90625   123344.0625    118359.578125
 117398.3515625 116252.3125    112831.1796875 114274.7421875
 112419.03125   116874.0859375 110124.3515625 111802.65625
 111222.0625    112544.8046875 108410.8359375 111200.5859375
 111723.2109375 110723.6015625]
preds: [113814.36  113689.914 113283.    113071.69  112973.75  112920.32
 112100.14  110471.82  109929.42  109449.37  109593.37  110836.586
 111602.445 112835.19  114241.086 116395.75  115897.56  114589.69
 112968.1   110473.62  109286.875 108124.82  109267.734 107951.875
 107380.14  106872.125 107115.38  105861.164 105868.28  106302.875]
series: date
2017-11-09      7143.580078
2017-11-10      6618.140137
2017-11-13      6559.490234
2017-11-14      6635.750000
2017-11-15      7315.540039
                  ...      
2025-08-28    112544.804688
2025-08-29    108410.835938
2025-09-02    111200.585938
2025-09-03    111723.210938
2025-09-04    110723.601562
Name: BTC-USD, Length: 1931, dtype: float64

MODELO DE RETORNOS
y_true: [-3.25848229e-03 -6.18509384e-03  2.45327993e-03 -1.97425087e-05
 -7.71364317e-04 -1.75928328e-02 -2.10621547e-02  1.54588382e-02
 -8.08570675e-03  7.76715842e-03  2.14634562e-02 -6.87824007e-03
  1.75057078e-02  1.21405154e-02  2.63882796e-02 -4.04112227e-02
 -8.12124019e-03 -9.76196895e-03 -2.94285141e-02  1.27940034e-02
 -1.62390297e-02  3.96290080e-02 -5.77521896e-02  1.52400869e-02
 -5.19302286e-03  1.18928040e-02 -3.67317600e-02  2.57331288e-02
  4.69984034e-03 -8.94719519e-03]
preds: [-0.00950605 -0.00985338 -0.01013084 -0.01042747 -0.01050637 -0.01055645
 -0.01062639 -0.01107346 -0.0115971  -0.01135208 -0.01136357 -0.01101892
 -0.01035745 -0.01021477 -0.00971015 -0.00926371 -0.00869461 -0.00958165
 -0.01014729 -0.01072773 -0.01158586 -0.01155997 -0.01176489 -0.01093287
 -0.01185105 -0.01161165 -0.01153251 -0.01117633 -0.0117112  -0.01112812]
series: date
2017-11-10   -0.073554
2017-11-13   -0.008862
2017-11-14    0.011626
2017-11-15    0.102444
2017-11-16    0.076023
                ...   
2025-08-28    0.011893
2025-08-29   -0.036732
2025-09-02    0.025733
2025-09-03    0.004700
2025-09-04   -0.008947
Name: BTC-USD, Length: 1930, dtype: float64
