Reporte LSTM — EUNL.DE
==================================================

MODELO DE PRECIOS
y_true: [102.73000336 102.94499969 103.82499695 104.25499725 104.74500275
 104.98999786 101.82499695 103.01999664 102.73999786 103.04000092
 103.23000336 103.55000305 104.18499756 104.15499878 104.30999756
 104.86000061 104.55000305 104.73000336 104.73000336 104.125
 104.56999969 105.12999725 105.04000092 104.80500031 105.67500305
 105.34500122 104.58499908 103.63500214 104.38999939 105.25      ]
preds: [102.61452  102.81913  103.06088  103.494026 104.00945  104.57133
 105.08095  104.60735  104.17276  103.69521  103.37946  103.253426
 103.338524 103.68113  104.06194  104.435135 104.86556  105.12483
 105.297    105.36954  105.20663  105.09328  105.149216 105.2322
 105.25986  105.49664  105.66637  105.5841   105.17172  104.90964 ]
series: date
2017-11-09     44.970001
2017-11-10     44.880001
2017-11-13     44.820000
2017-11-14     44.310001
2017-11-15     44.080002
                 ...    
2025-08-28    105.345001
2025-08-29    104.584999
2025-09-02    103.635002
2025-09-03    104.389999
2025-09-04    105.250000
Name: EUNL.DE, Length: 1931, dtype: float64

MODELO DE RETORNOS
y_true: [ 0.00214614  0.00209283  0.00854823  0.00414159  0.00470007  0.00233897
 -0.03014574  0.01173582 -0.00271791  0.00292002  0.00184397  0.00309987
  0.00613225 -0.00028794  0.00148815  0.00527277 -0.0029563   0.00172167
  0.         -0.00577679  0.00427371  0.00535524 -0.00085605 -0.00223725
  0.00830116 -0.0031228  -0.00721441 -0.00908349  0.00728516  0.00823834]
preds: [-0.00074087 -0.00064197 -0.00059381 -0.00056481 -0.00040919 -0.00031391
 -0.00023121 -0.00017142 -0.00086639 -0.00088466 -0.00098814 -0.00096067
 -0.00091025 -0.00082609 -0.00066541 -0.00062478 -0.0005986  -0.00049913
 -0.0005594  -0.00057262 -0.00060337 -0.000769   -0.00076227 -0.00066673
 -0.00066475 -0.00073537 -0.00059908 -0.00063249 -0.00080033 -0.00107239]
series: date
2017-11-10   -0.002001
2017-11-13   -0.001337
2017-11-14   -0.011379
2017-11-15   -0.005191
2017-11-16    0.008848
                ...   
2025-08-28   -0.003123
2025-08-29   -0.007214
2025-09-02   -0.009083
2025-09-03    0.007285
2025-09-04    0.008238
Name: EUNL.DE, Length: 1930, dtype: float64
