Reporte LSTM — QQQ
==================================================

MODELO DE PRECIOS
y_true: [564.35577393 565.71417236 567.4821167  566.60314941 567.36230469
 564.35577393 553.23864746 563.44677734 559.62127686 566.66308594
 568.58087158 573.88470459 572.18664551 579.3782959  579.66802979
 579.21856689 576.67150879 576.44171143 568.62084961 565.24475098
 562.62780762 571.30767822 569.65960693 571.94696045 572.82592773
 576.4118042  569.73956299 564.96502686 569.40991211 574.56390381]
preds: [566.75146 567.5974  568.5425  569.7357  570.54926 571.1932  570.84357
 567.3948  565.7697  564.2504  564.98694 567.1051  570.8124  574.0443
 578.12225 581.613   583.8838  584.3431  583.69147 580.63696 576.3271
 571.71783 570.1508  569.9882  571.3151  573.3557  576.2066  577.1302
 575.7876  574.6562 ]
series: date
2017-11-09    145.739334
2017-11-10    145.729904
2017-11-13    145.910080
2017-11-14    145.379074
2017-11-15    144.696228
                 ...    
2025-08-28    576.411804
2025-08-29    569.739563
2025-09-02    564.965027
2025-09-03    569.409912
2025-09-04    574.563904
Name: QQQ, Length: 1931, dtype: float64

MODELO DE RETORNOS
y_true: [ 0.00212837  0.00240699  0.00312515 -0.00154889  0.00133984 -0.00529914
 -0.01969879  0.01845158 -0.00678946  0.01258317  0.00338435  0.00932819
 -0.00295889  0.01256871  0.00050008 -0.00077538 -0.0043974  -0.00039849
 -0.01356748 -0.00593735 -0.00462975  0.01542738 -0.00288474  0.0040153
  0.0015368   0.00625998 -0.01157548 -0.00838021  0.00786754  0.00905146]
preds: [-0.0026512  -0.00262658 -0.00265081 -0.00269305 -0.00241487 -0.00252171
 -0.00216958 -0.00128386 -0.00348837 -0.00262021 -0.00361155 -0.0032446
 -0.00341883 -0.00259995 -0.00322236 -0.00255625 -0.0022492  -0.00192488
 -0.0021256  -0.00147349 -0.00192246 -0.00229052 -0.0037471  -0.00306672
 -0.00328379 -0.00311042 -0.00327922 -0.00218056 -0.00208863 -0.0030907 ]
series: date
2017-11-10   -0.000065
2017-11-13    0.001236
2017-11-14   -0.003639
2017-11-15   -0.004697
2017-11-16    0.012780
                ...   
2025-08-28    0.006260
2025-08-29   -0.011575
2025-09-02   -0.008380
2025-09-03    0.007868
2025-09-04    0.009051
Name: QQQ, Length: 1930, dtype: float64
