Reporte LSTM — TSLA
==================================================

MODELO DE PRECIOS
y_true: [305.29998779 316.05999756 325.58999634 321.20001221 319.04000854
 308.26998901 302.63000488 309.26000977 308.72000122 319.91000366
 322.26998901 329.6499939  339.02999878 340.83999634 339.38000488
 335.57998657 330.55999756 335.16000366 329.30999756 323.8999939
 320.10998535 340.01000977 346.6000061  351.67001343 349.6000061
 345.98001099 333.86999512 329.35998535 334.08999634 338.52999878]
preds: [329.85675 319.15994 314.10052 315.74103 316.92697 317.21185 312.7973
 306.61237 304.8999  304.6636  309.83588 315.4854  322.3982  330.749
 336.73535 338.9253  337.3049  332.89163 331.2285  328.34277 324.31912
 320.14764 325.95578 334.7678  343.51556 347.92053 347.64215 340.6747
 332.61047 329.19263]
series: date
2017-11-09     20.199333
2017-11-10     20.199333
2017-11-13     21.026667
2017-11-14     20.580000
2017-11-15     20.753332
                 ...    
2025-08-28    345.980011
2025-08-29    333.869995
2025-09-02    329.359985
2025-09-03    334.089996
2025-09-04    338.529999
Name: TSLA, Length: 1931, dtype: float64

MODELO DE RETORNOS
y_true: [-0.0819702   0.03524406  0.0301525  -0.01348317 -0.00672479 -0.03375758
 -0.0182956   0.02190796 -0.00174613  0.03624644  0.00737703  0.02290007
  0.02845444  0.00533875 -0.00428351 -0.01119694 -0.01495914  0.0139158
 -0.01745437 -0.0164283  -0.01170117  0.06216621  0.01938177  0.01462783
 -0.00588622 -0.01035468 -0.03500207 -0.01350828  0.01436122  0.01328984]
preds: [0.00745258 0.00644132 0.00556344 0.00632924 0.00648997 0.00614548
 0.0056619  0.00499202 0.00501926 0.00536293 0.00576763 0.00641793
 0.00677484 0.00739694 0.0077926  0.00770766 0.00739534 0.00693122
 0.00672094 0.00659158 0.00603514 0.00560378 0.00604379 0.00707828
 0.0073953  0.00745095 0.00714862 0.00652424 0.00579757 0.00570509]
series: date
2017-11-10    0.000000
2017-11-13    0.040958
2017-11-14   -0.021243
2017-11-15    0.008422
2017-11-16    0.003855
                ...   
2025-08-28   -0.010355
2025-08-29   -0.035002
2025-09-02   -0.013508
2025-09-03    0.014361
2025-09-04    0.013290
Name: TSLA, Length: 1930, dtype: float64
