Reporte LSTM — V
==================================================

MODELO DE PRECIOS
y_true: [352.64974976 355.70831299 354.14413452 349.97973633 349.60116577
 344.18145752 338.08425903 340.87380981 336.17144775 338.47280884
 330.85134888 335.52386475 334.64715576 336.0743103  341.87283325
 344.80700684 343.78903198 342.06243896 341.77304077 343.25009155
 343.0105896  349.34802246 348.13043213 350.48574829 349.65740967
 349.16836548 351.08459473 349.37796021 350.1763916  350.29614258]
preds: [352.7297  353.88596 355.5619  356.27515 355.2021  353.83588 350.9078
 346.50253 343.88272 340.8572  339.53976 336.6492  335.94073 335.62482
 336.11877 338.59085 341.796   344.03693 344.89767 344.99228 345.18115
 345.12366 347.02234 348.374   350.091   351.09753 351.48657 352.1644
 352.07043 352.07715]
series: date
2017-11-09    105.904991
2017-11-10    105.659477
2017-11-13    105.206139
2017-11-14    105.753922
2017-11-15    104.120087
                 ...    
2025-08-28    349.168365
2025-08-29    351.084595
2025-09-02    349.377960
2025-09-03    350.176392
2025-09-04    350.296143
Name: V, Length: 1931, dtype: float64

MODELO DE RETORNOS
y_true: [-0.00371532  0.00867309 -0.00439736 -0.01175905 -0.00108169 -0.01550255
 -0.01771507  0.00825105 -0.01379502  0.0068458  -0.0225172   0.0141227
 -0.00261296  0.00426465  0.01725369  0.00858265 -0.0029523  -0.00502225
 -0.00084604  0.00432173 -0.00069775  0.01847591 -0.00348532  0.00676561
 -0.0023634  -0.00139864  0.00548798 -0.00486104  0.00228529  0.00034197]
preds: [0.00129519 0.00189306 0.00144611 0.00202613 0.00247559 0.00207912
 0.00268346 0.00283684 0.00159967 0.00235826 0.00141756 0.00262642
 0.00105283 0.00158811 0.00130176 0.00069958 0.0010349  0.00167232
 0.00196901 0.00190728 0.00169547 0.0018989  0.0010544  0.00194489
 0.00162646 0.00205857 0.00209881 0.00181021 0.00223795 0.00195995]
series: date
2017-11-10   -0.002318
2017-11-13   -0.004291
2017-11-14    0.005207
2017-11-15   -0.015449
2017-11-16    0.008768
                ...   
2025-08-28   -0.001399
2025-08-29    0.005488
2025-09-02   -0.004861
2025-09-03    0.002285
2025-09-04    0.000342
Name: V, Length: 1930, dtype: float64
