Reporte LSTM — VOO
==================================================

MODELO DE PRECIOS
y_true: [581.59674072 583.91009521 583.77050781 582.25482178 581.546875
 579.36309814 569.82037354 578.4855957  575.70355225 579.98132324
 579.63232422 584.06964111 582.87304688 589.09527588 591.14941406
 591.15930176 589.88299561 589.67358398 586.45281982 584.90722656
 582.6038208  591.51837158 589.01550293 591.36877441 592.72485352
 594.81890869 591.38873291 587.03118896 590.03253174 594.88873291]
preds: [569.5459  571.3275  573.3187  574.77783 575.28046 575.1149  574.0599
 570.29553 569.0975  567.78564 568.20746 568.9736  571.10187 572.80585
 575.83875 578.9439  581.3384  582.54565 582.92975 581.8885  580.1508
 577.8459  578.34875 578.6754  579.8577  581.425   583.37726 584.02094
 582.9881  582.4689 ]
series: date
2017-11-09    207.974579
2017-11-10    207.851807
2017-11-13    208.097382
2017-11-14    207.588806
2017-11-15    206.527786
                 ...    
2025-08-28    594.818909
2025-08-29    591.388733
2025-09-02    587.031189
2025-09-03    590.032532
2025-09-04    594.888733
Name: VOO, Length: 1931, dtype: float64

MODELO DE RETORNOS
y_true: [ 6.86385549e-04  3.97759191e-03 -2.39056326e-04 -2.59637309e-03
 -1.21587104e-03 -3.75511751e-03 -1.64710604e-02  1.52069364e-02
 -4.80918363e-03  7.43050999e-03 -6.01741831e-04  7.65539931e-03
 -2.04871843e-03  1.06751016e-02  3.48693712e-03  1.67262203e-05
 -2.15898853e-03 -3.55005353e-04 -5.46194411e-03 -2.63549464e-03
 -3.93807027e-03  1.53012227e-02 -4.23126106e-03  3.99526239e-03
  2.29311922e-03  3.53292959e-03 -5.76675645e-03 -7.36832426e-03
  5.11274840e-03  8.23039563e-03]
preds: [ 6.88313681e-04  9.48261528e-04  9.90920467e-04  1.13467232e-03
  1.15153810e-03  1.00720290e-03  8.77463492e-04  7.73897802e-04
 -1.49000378e-04  1.43474317e-04 -4.87950783e-05  2.13359337e-04
  2.23212483e-04  5.81184577e-04  5.30676101e-04  9.16901452e-04
  1.18072971e-03  1.27619237e-03  1.17918267e-03  1.11762900e-03
  8.24938819e-04  5.82313165e-04  1.18568816e-04  5.76137507e-04
  5.09143749e-04  6.28814392e-04  7.12255423e-04  9.24357853e-04
  8.12359271e-04  3.86150699e-04]
series: date
2017-11-10   -0.000590
2017-11-13    0.001181
2017-11-14   -0.002444
2017-11-15   -0.005111
2017-11-16    0.008534
                ...   
2025-08-28    0.003533
2025-08-29   -0.005767
2025-09-02   -0.007368
2025-09-03    0.005113
2025-09-04    0.008230
Name: VOO, Length: 1930, dtype: float64
