Reporte LSTM — XAR
==================================================

MODELO DE PRECIOS
y_true: [219.0677948  219.97569275 219.78613281 217.48141479 218.21972656
 216.04470825 213.78988647 216.40388489 217.58119202 216.34402466
 214.82751465 213.89962769 214.43838501 217.96032715 218.47912598
 216.06466675 215.01705933 216.08462524 211.42530823 211.57496643
 212.88195801 215.65559387 215.70549011 219.85597229 219.07775879
 219.76618958 216.94265747 217.21205139 214.59802246 214.79756165]
preds: [222.19922 222.0144  222.23459 222.41592 221.73306 221.36758 220.34605
 218.71916 218.41364 218.88757 219.03671 218.61662 217.87807 217.46388
 218.49698 219.71698 219.81836 219.29808 219.11047 217.29364 215.78323
 215.20178 216.02914 217.00919 219.34543 220.97412 222.24931 221.93692
 221.39949 219.88306]
series: date
2017-11-09     76.190742
2017-11-10     75.530861
2017-11-13     74.880341
2017-11-14     75.002907
2017-11-15     74.474983
                 ...    
2025-08-28    219.766190
2025-08-29    216.942657
2025-09-02    217.212051
2025-09-03    214.598022
2025-09-04    214.797562
Name: XAR, Length: 1931, dtype: float64

MODELO DE RETORNOS
y_true: [-0.00669529  0.00414437 -0.00086173 -0.01048618  0.00339483 -0.0099671
 -0.01043683  0.01222695  0.00544032 -0.005686   -0.00700972 -0.00431922
  0.00251874  0.01642403  0.00238024 -0.01105121 -0.00484858  0.00496503
 -0.02156246  0.00070785  0.00617744  0.01302899  0.00023137  0.01924143
 -0.00353965  0.0031424  -0.01284789  0.00124177 -0.01203446  0.00092983]
preds: [0.00246808 0.00270677 0.00252316 0.00249654 0.00237946 0.00212046
 0.00206404 0.00180814 0.00157612 0.00173584 0.00182266 0.00173337
 0.00160479 0.00152403 0.00159751 0.00190644 0.00198969 0.00183231
 0.00175146 0.00178534 0.00141852 0.00140611 0.00154035 0.00180477
 0.00192103 0.00228717 0.00230145 0.00234378 0.00211662 0.00206283]
series: date
2017-11-10   -0.008661
2017-11-13   -0.008613
2017-11-14    0.001637
2017-11-15   -0.007039
2017-11-16    0.011392
                ...   
2025-08-28    0.003142
2025-08-29   -0.012848
2025-09-02    0.001242
2025-09-03   -0.012034
2025-09-04    0.000930
Name: XAR, Length: 1930, dtype: float64
