Reporte LSTM — XRP-USD
==================================================

MODELO DE PRECIOS
y_true: [3.14389491 3.14172006 3.1158421  3.12843108 3.09837604 3.02517009
 2.96459699 3.07280993 2.96374798 2.99188805 3.31820798 3.2871201
 3.13451409 3.26650596 3.28059101 3.08352208 3.07866693 3.06148291
 2.85292411 2.95074892 2.85047412 3.075773   2.8612721  3.012218
 2.96661806 2.9670949  2.82195711 2.86185908 2.84489489 2.7958281 ]
preds: [3.3579125 3.1999283 3.2036142 3.2339425 3.2616923 3.2423902 3.1670964
 3.0868483 3.1449416 3.1108189 3.102316  3.3481886 3.4453707 3.3138835
 3.322078  3.3675172 3.2432215 3.1726441 3.15596   3.012877  3.0218313
 2.9841213 3.132474  3.0522714 3.0893443 3.0862684 3.0774794 2.965602
 2.9423897 2.9442687]
series: date
2017-11-09    0.217488
2017-11-10    0.206483
2017-11-13    0.203442
2017-11-14    0.209825
2017-11-15    0.212956
                ...   
2025-08-28    2.967095
2025-08-29    2.821957
2025-09-02    2.861859
2025-09-03    2.844895
2025-09-04    2.795828
Name: XRP-USD, Length: 1931, dtype: float64

MODELO DE RETORNOS
y_true: [-0.01288417 -0.00069177 -0.00823687  0.00404031 -0.00960707 -0.0236272
 -0.02002304  0.03650174 -0.03549258  0.00949476  0.10906823 -0.00936887
 -0.04642544  0.04210919  0.00431196 -0.06007117 -0.00157455 -0.00558164
 -0.06812346  0.03428931 -0.03398283  0.07903909 -0.06973886  0.05275482
 -0.01513833  0.00016073 -0.04891579  0.01413982 -0.00592768 -0.01724731]
preds: [0.01147233 0.00920136 0.00823264 0.00775025 0.00775837 0.00777915
 0.00749956 0.007177   0.00794435 0.00789745 0.00808517 0.01036276
 0.01130003 0.01040339 0.01050428 0.01059279 0.00926308 0.00846565
 0.0081532  0.00685275 0.00705073 0.0069478  0.00851168 0.00823586
 0.00893757 0.009215   0.00921806 0.00831809 0.00816226 0.00819845]
series: date
2017-11-10   -0.050600
2017-11-13   -0.014728
2017-11-14    0.031375
2017-11-15    0.014922
2017-11-16    0.066450
                ...   
2025-08-28    0.000161
2025-08-29   -0.048916
2025-09-02    0.014140
2025-09-03   -0.005928
2025-09-04   -0.017247
Name: XRP-USD, Length: 1930, dtype: float64
